Tile 0
1 2 3 4 5 6 7 8 9 
1 2 3 4 5 6 7 8 9 
Tile 1
1 2 3 4 5 6 7 8 9 
1 2 3 4 5 6 7 8 9 
Tile 2
1 2 3 4 5 6 7 8 9 
1 2 3 4 5 6 7 8 9 
Tile 3
1 2 3 4 5 6 7 8 9 
1 2 3 4 5 6 7 8 9 
Tile 4
1 2 3 4 5 6 7 8 9 
1 2 3 4 5 6 7 8 9 
Tile 5
1 2 3 4 5 6 7 8 9 
1 2 3 4 5 6 7 8 9 
Tile 6
1 2 3 4 5 6 7 8 9 
1 2 3 4 5 6 7 8 9 
Tile 7
1 2 3 4 5 6 7 8 9 
1 2 3 4 5 6 7 8 9 
Tile 8
1 2 3 4 5 6 7 8 9 
1 2 3 4 5 6 7 8 9 
Tile 9
1 2 3 4 5 6 7 8 9 
1 2 3 4 5 6 7 8 9 
Tile 10
1 2 3 4 5 6 7 8 9 
1 2 3 4 5 6 7 8 9 
Tile 11
1 2 3 4 5 6 7 8 9 
1 2 3 4 5 6 7 8 9 
Tile 12
1 2 3 4 5 6 7 8 9 
1 2 3 4 5 6 7 8 9 
Tile 13
1 2 3 4 5 6 7 8 9 
1 2 3 4 5 6 7 8 9 
Tile 14
1 2 3 4 5 6 7 8 9 
1 2 3 4 5 6 7 8 9 
Tile 15
1 2 3 4 5 6 7 8 9 
1 2 3 4 5 6 7 8 9 
Tile 16
1 2 3 4 5 6 7 8 9 
1 2 3 4 5 6 7 8 9 
Tile 17
1 2 3 4 5 6 7 8 9 
1 2 3 4 5 6 7 8 9 
Tile 18
1 2 3 4 5 6 7 8 9 
1 2 3 4 5 6 7 8 9 
Tile 19
1 2 3 4 5 6 7 8 9 
1 2 3 4 5 6 7 8 9 
Tile 20
1 2 3 4 5 6 7 8 9 
1 2 3 4 5 6 7 8 9 
Tile 21
1 2 3 4 5 6 7 8 9 
1 2 3 4 5 6 7 8 9 
Tile 22
1 2 3 4 5 6 7 8 9 
1 2 3 4 5 6 7 8 9 
Tile 23
1 2 3 4 5 6 7 8 9 
1 2 3 4 5 6 7 8 9 
Tile 24
1 2 3 4 5 6 7 8 9 
1 2 3 4 5 6 7 8 9 
Tile 25
1 2 3 4 5 6 7 8 9 
1 2 3 4 5 6 7 8 9 
Tile 26
1 2 3 4 5 6 7 8 9 
1 2 3 4 5 6 7 8 9 
Tile 27
1 2 3 4 5 6 7 8 9 
1 2 3 4 5 6 7 8 9 
Tile 28
1 2 3 4 5 6 7 8 9 
1 2 3 4 5 6 7 8 9 
Tile 29
1 2 3 4 5 6 7 8 9 
1 2 3 4 5 6 7 8 9 
Tile 30
1 2 3 4 5 6 7 8 9 
1 2 3 4 5 6 7 8 9 
Tile 31
1 2 3 4 5 6 7 8 9 
1 2 3 4 5 6 7 8 9 
Tile 32
1 2 3 4 5 6 7 8 9 
1 2 3 4 5 6 7 8 9 
Tile 33
1 2 3 4 5 6 7 8 9 
1 2 3 4 5 6 7 8 9 
Tile 34
1 2 3 4 5 6 7 8 9 
1 2 3 4 5 6 7 8 9 
Tile 35
1 2 3 4 5 6 7 8 9 
1 2 3 4 5 6 7 8 9 
Tile 36
1 2 3 4 5 6 7 8 9 
1 2 3 4 5 6 7 8 9 
Tile 37
1 2 3 4 5 6 7 8 9 
1 2 3 4 5 6 7 8 9 
Tile 38
1 2 3 4 5 6 7 8 9 
1 2 3 4 5 6 7 8 9 
Tile 39
1 2 3 4 5 6 7 8 9 
1 2 3 4 5 6 7 8 9 
Tile 40
1 2 3 4 5 6 7 8 9 
1 2 3 4 5 6 7 8 9 
Tile 41
1 2 3 4 5 6 7 8 9 
1 2 3 4 5 6 7 8 9 
Tile 42
1 2 3 4 5 6 7 8 9 
1 2 3 4 5 6 7 8 9 
Tile 43
1 2 3 4 5 6 7 8 9 
1 2 3 4 5 6 7 8 9 
Tile 44
1 2 3 4 5 6 7 8 9 
1 2 3 4 5 6 7 8 9 
Tile 45
1 2 3 4 5 6 7 8 9 
1 2 3 4 5 6 7 8 9 
Tile 46
1 2 3 4 5 6 7 8 9 
1 2 3 4 5 6 7 8 9 
Tile 47
1 2 3 4 5 6 7 8 9 
1 2 3 4 5 6 7 8 9 
Tile 48
1 2 3 4 5 6 7 8 9 
1 2 3 4 5 6 7 8 9 
Tile 49
1 2 3 4 5 6 7 8 9 
1 2 3 4 5 6 7 8 9 
Tile 50
1 2 3 4 5 6 7 8 9 
1 2 3 4 5 6 7 8 9 
Tile 51
1 2 3 4 5 6 7 8 9 
1 2 3 4 5 6 7 8 9 
Tile 52
1 2 3 4 5 6 7 8 9 
1 2 3 4 5 6 7 8 9 
Tile 53
1 2 3 4 5 6 7 8 9 
1 2 3 4 5 6 7 8 9 
Tile 54
1 2 3 4 5 6 7 8 9 
1 2 3 4 5 6 7 8 9 
Tile 55
1 2 3 4 5 6 7 8 9 
1 2 3 4 5 6 7 8 9 
Tile 56
1 2 3 4 5 6 7 8 9 
1 2 3 4 5 6 7 8 9 
Tile 57
1 2 3 4 5 6 7 8 9 
1 2 3 4 5 6 7 8 9 
Tile 58
1 2 3 4 5 6 7 8 9 
1 2 3 4 5 6 7 8 9 
Tile 59
1 2 3 4 5 6 7 8 9 
1 2 3 4 5 6 7 8 9 
Tile 60
1 2 3 4 5 6 7 8 9 
1 2 3 4 5 6 7 8 9 
Tile 61
1 2 3 4 5 6 7 8 9 
1 2 3 4 5 6 7 8 9 
Tile 62
1 2 3 4 5 6 7 8 9 
1 2 3 4 5 6 7 8 9 
Tile 63
1 2 3 4 5 6 7 8 9 
1 2 3 4 5 6 7 8 9 
Tile 64
1 2 3 4 5 6 7 8 9 
1 2 3 4 5 6 7 8 9 
Tile 65
1 2 3 4 5 6 7 8 9 
1 2 3 4 5 6 7 8 9 
Tile 66
1 2 3 4 5 6 7 8 9 
1 2 3 4 5 6 7 8 9 
Tile 67
1 2 3 4 5 6 7 8 9 
1 2 3 4 5 6 7 8 9 
Tile 68
1 2 3 4 5 6 7 8 9 
1 2 3 4 5 6 7 8 9 
Tile 69
1 2 3 4 5 6 7 8 9 
1 2 3 4 5 6 7 8 9 
Tile 70
1 2 3 4 5 6 7 8 9 
1 2 3 4 5 6 7 8 9 
Tile 71
1 2 3 4 5 6 7 8 9 
1 2 3 4 5 6 7 8 9 
Tile 72
1 2 3 4 5 6 7 8 9 
1 2 3 4 5 6 7 8 9 
Tile 73
1 2 3 4 5 6 7 8 9 
1 2 3 4 5 6 7 8 9 
Tile 74
1 2 3 4 5 6 7 8 9 
1 2 3 4 5 6 7 8 9 
Tile 75
1 2 3 4 5 6 7 8 9 
1 2 3 4 5 6 7 8 9 
Tile 76
1 2 3 4 5 6 7 8 9 
1 2 3 4 5 6 7 8 9 
Tile 77
1 2 3 4 5 6 7 8 9 
1 2 3 4 5 6 7 8 9 
Tile 78
1 2 3 4 5 6 7 8 9 
1 2 3 4 5 6 7 8 9 
Tile 79
1 2 3 4 5 6 7 8 9 
1 2 3 4 5 6 7 8 9 
Tile 80
1 2 3 4 5 6 7 8 9 
1 2 3 4 5 6 7 8 9 
Tile 0
1 2 3 4 5 6 7 8 9 
1 2 3 4 5 6 7 8 9 
Tile 1
1 2 3 4 5 6 7 8 9 
1 2 3 4 5 6 7 8 9 
Tile 2
1 2 3 4 5 6 7 8 9 
1 2 3 4 5 6 7 8 9 
Tile 3
1 2 3 4 5 6 7 8 9 
1 2 3 4 5 6 7 8 9 
Tile 4
1 2 3 4 5 6 7 8 9 
1 2 3 4 5 6 7 8 9 
Tile 5
1 2 3 4 5 6 7 8 9 
1 2 3 4 5 6 7 8 9 
Tile 6
1 2 3 4 5 6 7 8 9 
1 2 3 4 5 6 7 8 9 
Tile 7
1 2 3 4 5 6 7 8 9 
1 2 3 4 5 6 7 8 9 
Tile 8
1 2 3 4 5 6 7 8 9 
1 2 3 4 5 6 7 8 9 
Tile 9
1 2 3 4 5 6 7 8 9 
1 2 3 4 5 6 7 8 9 
Tile 10
1 2 3 4 5 6 7 8 9 
1 2 3 4 5 6 7 8 9 
Tile 11
1 2 3 4 5 6 7 8 9 
1 2 3 4 5 6 7 8 9 
Tile 12
1 2 3 4 5 6 7 8 9 
1 2 3 4 5 6 7 8 9 
Tile 13
1 2 3 4 5 6 7 8 9 
1 2 3 4 5 6 7 8 9 
Tile 14
1 2 3 4 5 6 7 8 9 
1 2 3 4 5 6 7 8 9 
Tile 15
1 2 3 4 5 6 7 8 9 
1 2 3 4 5 6 7 8 9 
Tile 16
1 2 3 4 5 6 7 8 9 
1 2 3 4 5 6 7 8 9 
Tile 17
1 2 3 4 5 6 7 8 9 
1 2 3 4 5 6 7 8 9 
Tile 18
1 2 3 4 5 6 7 8 9 
1 2 3 4 5 6 7 8 9 
Tile 19
1 2 3 4 5 6 7 8 9 
1 2 3 4 5 6 7 8 9 
Tile 20
1 2 3 4 5 6 7 8 9 
1 2 3 4 5 6 7 8 9 
Tile 21
1 2 3 4 5 6 7 8 9 
1 2 3 4 5 6 7 8 9 
Tile 22
1 2 3 4 5 6 7 8 9 
1 2 3 4 5 6 7 8 9 
Tile 23
1 2 3 4 5 6 7 8 9 
1 2 3 4 5 6 7 8 9 
Tile 24
1 2 3 4 5 6 7 8 9 
1 2 3 4 5 6 7 8 9 
Tile 25
1 2 3 4 5 6 7 8 9 
1 2 3 4 5 6 7 8 9 
Tile 26
1 2 3 4 5 6 7 8 9 
1 2 3 4 5 6 7 8 9 
Tile 27
1 2 3 4 5 6 7 8 9 
1 2 3 4 5 6 7 8 9 
Tile 28
1 2 3 4 5 6 7 8 9 
1 2 3 4 5 6 7 8 9 
Tile 29
1 2 3 4 5 6 7 8 9 
1 2 3 4 5 6 7 8 9 
Tile 30
1 2 3 4 5 6 7 8 9 
1 2 3 4 5 6 7 8 9 
Tile 31
1 2 3 4 5 6 7 8 9 
1 2 3 4 5 6 7 8 9 
Tile 32
1 2 3 4 5 6 7 8 9 
1 2 3 4 5 6 7 8 9 
Tile 33
1 2 3 4 5 6 7 8 9 
1 2 3 4 5 6 7 8 9 
Tile 34
1 2 3 4 5 6 7 8 9 
1 2 3 4 5 6 7 8 9 
Tile 35
1 2 3 4 5 6 7 8 9 
1 2 3 4 5 6 7 8 9 
Tile 36
1 2 3 4 5 6 7 8 9 
1 2 3 4 5 6 7 8 9 
Tile 37
1 2 3 4 5 6 7 8 9 
1 2 3 4 5 6 7 8 9 
Tile 38
1 2 3 4 5 6 7 8 9 
1 2 3 4 5 6 7 8 9 
Tile 39
1 2 3 4 5 6 7 8 9 
1 2 3 4 5 6 7 8 9 
Tile 40
1 2 3 4 5 6 7 8 9 
1 2 3 4 5 6 7 8 9 
Tile 41
1 2 3 4 5 6 7 8 9 
1 2 3 4 5 6 7 8 9 
Tile 42
1 2 3 4 5 6 7 8 9 
1 2 3 4 5 6 7 8 9 
Tile 43
1 2 3 4 5 6 7 8 9 
1 2 3 4 5 6 7 8 9 
Tile 44
1 2 3 4 5 6 7 8 9 
1 2 3 4 5 6 7 8 9 
Tile 45
1 2 3 4 5 6 7 8 9 
1 2 3 4 5 6 7 8 9 
Tile 46
1 2 3 4 5 6 7 8 9 
1 2 3 4 5 6 7 8 9 
Tile 47
1 2 3 4 5 6 7 8 9 
1 2 3 4 5 6 7 8 9 
Tile 48
1 2 3 4 5 6 7 8 9 
1 2 3 4 5 6 7 8 9 
Tile 49
1 2 3 4 5 6 7 8 9 
1 2 3 4 5 6 7 8 9 
Tile 50
1 2 3 4 5 6 7 8 9 
1 2 3 4 5 6 7 8 9 
Tile 51
1 2 3 4 5 6 7 8 9 
1 2 3 4 5 6 7 8 9 
Tile 52
1 2 3 4 5 6 7 8 9 
1 2 3 4 5 6 7 8 9 
Tile 53
1 2 3 4 5 6 7 8 9 
1 2 3 4 5 6 7 8 9 
Tile 54
1 2 3 4 5 6 7 8 9 
1 2 3 4 5 6 7 8 9 
Tile 55
1 2 3 4 5 6 7 8 9 
1 2 3 4 5 6 7 8 9 
Tile 56
1 2 3 4 5 6 7 8 9 
1 2 3 4 5 6 7 8 9 
Tile 57
1 2 3 4 5 6 7 8 9 
1 2 3 4 5 6 7 8 9 
Tile 58
1 2 3 4 5 6 7 8 9 
1 2 3 4 5 6 7 8 9 
Tile 59
1 2 3 4 5 6 7 8 9 
1 2 3 4 5 6 7 8 9 
Tile 60
1 2 3 4 5 6 7 8 9 
1 2 3 4 5 6 7 8 9 
Tile 61
1 2 3 4 5 6 7 8 9 
1 2 3 4 5 6 7 8 9 
Tile 62
1 2 3 4 5 6 7 8 9 
1 2 3 4 5 6 7 8 9 
Tile 63
1 2 3 4 5 6 7 8 9 
1 2 3 4 5 6 7 8 9 
Tile 64
1 2 3 4 5 6 7 8 9 
1 2 3 4 5 6 7 8 9 
Tile 65
1 2 3 4 5 6 7 8 9 
1 2 3 4 5 6 7 8 9 
Tile 66
1 2 3 4 5 6 7 8 9 
1 2 3 4 5 6 7 8 9 
Tile 67
1 2 3 4 5 6 7 8 9 
1 2 3 4 5 6 7 8 9 
Tile 68
1 2 3 4 5 6 7 8 9 
1 2 3 4 5 6 7 8 9 
Tile 69
1 2 3 4 5 6 7 8 9 
1 2 3 4 5 6 7 8 9 
Tile 70
1 2 3 4 5 6 7 8 9 
1 2 3 4 5 6 7 8 9 
Tile 71
1 2 3 4 5 6 7 8 9 
1 2 3 4 5 6 7 8 9 
Tile 72
1 2 3 4 5 6 7 8 9 
1 2 3 4 5 6 7 8 9 
Tile 73
1 2 3 4 5 6 7 8 9 
1 2 3 4 5 6 7 8 9 
Tile 74
1 2 3 4 5 6 7 8 9 
1 2 3 4 5 6 7 8 9 
Tile 75
1 2 3 4 5 6 7 8 9 
1 2 3 4 5 6 7 8 9 
Tile 76
1 2 3 4 5 6 7 8 9 
1 2 3 4 5 6 7 8 9 
Tile 77
1 2 3 4 5 6 7 8 9 
1 2 3 4 5 6 7 8 9 
Tile 78
1 2 3 4 5 6 7 8 9 
1 2 3 4 5 6 7 8 9 
Tile 79
1 2 3 4 5 6 7 8 9 
1 2 3 4 5 6 7 8 9 
Tile 80
1 2 3 4 5 6 7 8 9 
1 2 3 4 5 6 7 8 9 
Tile 0
1 2 3 4 5 6 7 8 9 
1 2 3 4 5 6 7 8 9 
Tile 1
1 2 3 4 5 6 7 8 9 
1 2 3 4 5 6 7 8 9 
Tile 2
1 2 3 4 5 6 7 8 9 
1 2 3 4 6 7 8 9 
Tile 3
1 2 3 4 5 6 7 8 9 
1 2 3 4 6 7 8 9 
Tile 4
1 2 3 4 5 6 7 8 9 
1 2 3 6 7 8 9 
Tile 5
1 2 3 4 5 6 7 8 9 
1 2 3 4 6 7 8 9 
Tile 6
1 2 3 4 5 6 7 8 9 
1 2 5 6 7 8 9 
Tile 7
1 2 3 4 5 6 7 8 9 
1 2 3 5 6 7 8 9 
Tile 8
1 2 3 4 5 6 7 8 9 
1 2 3 5 6 7 8 9 
Tile 9
1 2 3 4 5 6 7 8 9 
1 2 3 4 5 6 7 8 9 
Tile 10
1 2 3 4 5 6 7 8 9 
1 2 3 4 5 6 7 8 9 
Tile 11
1 2 3 4 5 6 7 8 9 
1 2 3 4 6 7 8 9 
Tile 12
1 2 3 4 5 6 7 8 9 
1 2 3 4 6 7 8 9 
Tile 13
1 2 3 4 5 6 7 8 9 
1 2 3 6 7 8 9 
Tile 15
1 2 3 4 5 6 7 8 9 
1 2 5 6 7 8 9 
Tile 16
1 2 3 4 5 6 7 8 9 
1 2 3 5 6 7 8 9 
Tile 17
1 2 3 4 5 6 7 8 9 
1 2 3 5 6 7 8 9 
Tile 18
1 2 3 4 5 6 7 8 9 
1 2 4 6 7 8 9 
Tile 19
1 2 3 4 5 6 7 8 9 
1 2 4 6 7 8 9 
Tile 20
1 2 3 4 5 6 7 8 9 
1 2 4 6 7 8 9 
Tile 21
1 2 3 4 5 6 7 8 9 
1 2 4 6 7 8 9 
Tile 22
1 2 3 4 5 6 7 8 9 
1 2 6 7 8 9 
Tile 23
1 2 3 4 5 6 7 8 9 
1 2 4 6 7 8 9 
Tile 25
1 2 3 4 5 6 7 8 9 
1 2 6 7 8 9 
Tile 26
1 2 3 4 5 6 7 8 9 
1 2 6 7 8 9 
Tile 27
1 2 3 4 5 6 7 8 9 
1 2 3 4 5 6 7 8 9 
Tile 28
1 2 3 4 5 6 7 8 9 
1 2 3 4 5 6 7 8 9 
Tile 29
1 2 3 4 5 6 7 8 9 
1 2 3 4 6 7 8 9 
Tile 30
1 2 3 4 5 6 7 8 9 
1 2 4 5 6 7 8 9 
Tile 31
1 2 3 4 5 6 7 8 9 
1 2 5 6 7 8 9 
Tile 33
1 2 3 4 5 6 7 8 9 
1 2 4 5 6 7 8 9 
Tile 34
1 2 3 4 5 6 7 8 9 
1 2 3 4 5 6 7 8 9 
Tile 35
1 2 3 4 5 6 7 8 9 
1 2 3 4 5 6 7 8 9 
Tile 36
1 2 3 4 5 6 7 8 9 
1 2 3 5 6 7 8 9 
Tile 37
1 2 3 4 5 6 7 8 9 
1 2 3 5 6 7 8 9 
Tile 38
1 2 3 4 5 6 7 8 9 
1 2 3 6 7 8 9 
Tile 39
1 2 3 4 5 6 7 8 9 
1 2 5 6 7 8 9 
Tile 40
1 2 3 4 5 6 7 8 9 
1 2 5 6 7 8 9 
Tile 41
1 2 3 4 5 6 7 8 9 
1 2 5 6 7 8 9 
Tile 42
1 2 3 4 5 6 7 8 9 
1 2 5 6 7 8 9 
Tile 43
1 2 3 4 5 6 7 8 9 
1 2 3 5 6 7 8 9 
Tile 44
1 2 3 4 5 6 7 8 9 
1 2 3 5 6 7 8 9 
Tile 45
1 2 3 4 5 6 7 8 9 
1 2 3 4 5 6 7 8 9 
Tile 46
1 2 3 4 5 6 7 8 9 
1 2 3 4 5 6 7 8 9 
Tile 47
1 2 3 4 5 6 7 8 9 
1 2 3 4 6 7 8 9 
Tile 48
1 2 3 4 5 6 7 8 9 
1 2 4 5 6 7 8 9 
Tile 49
1 2 3 4 5 6 7 8 9 
1 2 5 6 7 8 9 
Tile 50
1 2 3 4 5 6 7 8 9 
1 2 4 5 6 7 8 9 
Tile 51
1 2 3 4 5 6 7 8 9 
1 2 4 5 6 7 8 9 
Tile 52
1 2 3 4 5 6 7 8 9 
1 2 3 4 5 6 7 8 9 
Tile 53
1 2 3 4 5 6 7 8 9 
1 2 3 4 5 6 7 8 9 
Tile 54
1 2 3 4 5 6 7 8 9 
1 2 3 4 5 6 7 8 9 
Tile 55
1 2 3 4 5 6 7 8 9 
1 2 3 4 5 6 7 8 9 
Tile 56
1 2 3 4 5 6 7 8 9 
1 2 3 4 6 7 8 9 
Tile 57
1 2 3 4 5 6 7 8 9 
1 2 3 4 5 6 7 8 9 
Tile 58
1 2 3 4 5 6 7 8 9 
1 2 3 5 6 7 8 9 
Tile 59
1 2 3 4 5 6 7 8 9 
1 2 3 4 5 6 7 8 9 
Tile 60
1 2 3 4 5 6 7 8 9 
1 2 4 5 6 7 8 9 
Tile 61
1 2 3 4 5 6 7 8 9 
1 2 3 4 5 6 7 8 9 
Tile 62
1 2 3 4 5 6 7 8 9 
1 2 3 4 5 6 7 8 9 
Tile 63
1 2 3 4 5 6 7 8 9 
1 2 3 4 5 6 7 8 9 
Tile 64
1 2 3 4 5 6 7 8 9 
1 2 3 4 5 6 7 8 9 
Tile 65
1 2 3 4 5 6 7 8 9 
1 2 3 4 6 7 8 9 
Tile 66
1 2 3 4 5 6 7 8 9 
1 2 3 4 5 6 7 8 9 
Tile 67
1 2 3 4 5 6 7 8 9 
1 2 3 5 6 7 8 9 
Tile 68
1 2 3 4 5 6 7 8 9 
1 2 3 4 5 6 7 8 9 
Tile 69
1 2 3 4 5 6 7 8 9 
1 2 4 5 6 7 8 9 
Tile 70
1 2 3 4 5 6 7 8 9 
1 2 3 4 5 6 7 8 9 
Tile 71
1 2 3 4 5 6 7 8 9 
1 2 3 4 5 6 7 8 9 
Tile 72
1 2 3 4 5 6 7 8 9 
1 2 3 4 5 6 7 8 9 
Tile 73
1 2 3 4 5 6 7 8 9 
1 2 3 4 5 6 7 8 9 
Tile 74
1 2 3 4 5 6 7 8 9 
1 2 3 4 6 7 8 9 
Tile 75
1 2 3 4 5 6 7 8 9 
1 2 3 4 5 6 7 8 9 
Tile 76
1 2 3 4 5 6 7 8 9 
1 2 3 5 6 7 8 9 
Tile 77
1 2 3 4 5 6 7 8 9 
1 2 3 4 5 6 7 8 9 
Tile 78
1 2 3 4 5 6 7 8 9 
1 2 4 5 6 7 8 9 
Tile 79
1 2 3 4 5 6 7 8 9 
1 2 3 4 5 6 7 8 9 
Tile 80
1 2 3 4 5 6 7 8 9 
1 2 3 4 5 6 7 8 9 
Tile 0
1 2 3 4 5 6 7 8 9 
1 2 3 4 5 6 7 8 9 
Tile 1
1 2 3 4 5 6 7 8 9 
1 2 3 4 5 6 7 8 9 
Tile 2
1 2 3 4 5 6 7 8 9 
1 2 3 4 5 6 7 8 9 
Tile 3
1 2 3 4 5 6 7 8 9 
1 2 3 4 5 6 7 8 9 
Tile 4
1 2 3 4 5 6 7 8 9 
1 2 3 4 5 6 7 8 9 
Tile 5
1 2 3 4 5 6 7 8 9 
1 2 3 4 5 6 7 8 9 
Tile 6
1 2 3 4 5 6 7 8 9 
1 2 3 4 5 6 7 8 9 
Tile 7
1 2 3 4 5 6 7 8 9 
1 2 3 4 5 6 7 8 9 
Tile 8
1 2 3 4 5 6 7 8 9 
1 2 3 4 5 6 7 8 9 
Tile 9
1 2 3 4 5 6 7 8 9 
1 2 3 4 5 6 7 8 9 
Tile 10
1 2 3 4 5 6 7 8 9 
1 2 3 4 5 6 7 8 9 
Tile 11
1 2 3 4 5 6 7 8 9 
1 2 3 4 5 6 7 8 9 
Tile 12
1 2 3 4 5 6 7 8 9 
1 2 3 4 5 6 7 8 9 
Tile 13
1 2 3 4 5 6 7 8 9 
1 2 3 4 5 6 7 8 9 
Tile 14
1 2 3 4 5 6 7 8 9 
1 2 3 4 5 6 7 8 9 
Tile 15
1 2 3 4 5 6 7 8 9 
1 2 3 4 5 6 7 8 9 
Tile 16
1 2 3 4 5 6 7 8 9 
1 2 3 4 5 6 7 8 9 
Tile 17
1 2 3 4 5 6 7 8 9 
1 2 3 4 5 6 7 8 9 
Tile 18
1 2 3 4 5 6 7 8 9 
1 2 3 4 5 6 7 8 9 
Tile 19
1 2 3 4 5 6 7 8 9 
1 2 3 4 5 6 7 8 9 
Tile 20
1 2 3 4 5 6 7 8 9 
1 2 3 4 5 6 7 8 9 
Tile 21
1 2 3 4 5 6 7 8 9 
1 2 3 4 5 6 7 8 9 
Tile 22
1 2 3 4 5 6 7 8 9 
1 2 3 4 5 6 7 8 9 
Tile 23
1 2 3 4 5 6 7 8 9 
1 2 3 4 5 6 7 8 9 
Tile 24
1 2 3 4 5 6 7 8 9 
1 2 3 4 5 6 7 8 9 
Tile 25
1 2 3 4 5 6 7 8 9 
1 2 3 4 5 6 7 8 9 
Tile 26
1 2 3 4 5 6 7 8 9 
1 2 3 4 5 6 7 8 9 
Tile 27
1 2 3 4 5 6 7 8 9 
1 2 3 4 5 6 7 8 9 
Tile 28
1 2 3 4 5 6 7 8 9 
1 2 3 4 5 6 7 8 9 
Tile 29
1 2 3 4 5 6 7 8 9 
1 2 3 4 5 6 7 8 9 
Tile 30
1 2 3 4 5 6 7 8 9 
1 2 3 4 5 6 7 8 9 
Tile 31
1 2 3 4 5 6 7 8 9 
1 2 3 4 5 6 7 8 9 
Tile 32
1 2 3 4 5 6 7 8 9 
1 2 3 4 5 6 7 8 9 
Tile 33
1 2 3 4 5 6 7 8 9 
1 2 3 4 5 6 7 8 9 
Tile 34
1 2 3 4 5 6 7 8 9 
1 2 3 4 5 6 7 8 9 
Tile 35
1 2 3 4 5 6 7 8 9 
1 2 3 4 5 6 7 8 9 
Tile 36
1 2 3 4 5 6 7 8 9 
1 2 3 4 5 6 7 8 9 
Tile 37
1 2 3 4 5 6 7 8 9 
1 2 3 4 5 6 7 8 9 
Tile 38
1 2 3 4 5 6 7 8 9 
1 2 3 4 5 6 7 8 9 
Tile 39
1 2 3 4 5 6 7 8 9 
1 2 3 4 5 6 7 8 9 
Tile 40
1 2 3 4 5 6 7 8 9 
1 2 3 4 5 6 7 8 9 
Tile 41
1 2 3 4 5 6 7 8 9 
1 2 3 4 5 6 7 8 9 
Tile 42
1 2 3 4 5 6 7 8 9 
1 2 3 4 5 6 7 8 9 
Tile 43
1 2 3 4 5 6 7 8 9 
1 2 3 4 5 6 7 8 9 
Tile 44
1 2 3 4 5 6 7 8 9 
1 2 3 4 5 6 7 8 9 
Tile 45
1 2 3 4 5 6 7 8 9 
1 2 3 4 5 6 7 8 9 
Tile 46
1 2 3 4 5 6 7 8 9 
1 2 3 4 5 6 7 8 9 
Tile 47
1 2 3 4 5 6 7 8 9 
1 2 3 4 5 6 7 8 9 
Tile 48
1 2 3 4 5 6 7 8 9 
1 2 3 4 5 6 7 8 9 
Tile 49
1 2 3 4 5 6 7 8 9 
1 2 3 4 5 6 7 8 9 
Tile 50
1 2 3 4 5 6 7 8 9 
1 2 3 4 5 6 7 8 9 
Tile 51
1 2 3 4 5 6 7 8 9 
1 2 3 4 5 6 7 8 9 
Tile 52
1 2 3 4 5 6 7 8 9 
1 2 3 4 5 6 7 8 9 
Tile 53
1 2 3 4 5 6 7 8 9 
1 2 3 4 5 6 7 8 9 
Tile 54
1 2 3 4 5 6 7 8 9 
1 2 3 4 5 6 7 8 9 
Tile 55
1 2 3 4 5 6 7 8 9 
1 2 3 4 5 6 7 8 9 
Tile 56
1 2 3 4 5 6 7 8 9 
1 2 3 4 5 6 7 8 9 
Tile 57
1 2 3 4 5 6 7 8 9 
1 2 3 4 5 6 7 8 9 
Tile 58
1 2 3 4 5 6 7 8 9 
1 2 3 4 5 6 7 8 9 
Tile 59
1 2 3 4 5 6 7 8 9 
1 2 3 4 5 6 7 8 9 
Tile 60
1 2 3 4 5 6 7 8 9 
1 2 3 4 5 6 7 8 9 
Tile 61
1 2 3 4 5 6 7 8 9 
1 2 3 4 5 6 7 8 9 
Tile 62
1 2 3 4 5 6 7 8 9 
1 2 3 4 5 6 7 8 9 
Tile 63
1 2 3 4 5 6 7 8 9 
1 2 3 4 5 6 7 8 9 
Tile 64
1 2 3 4 5 6 7 8 9 
1 2 3 4 5 6 7 8 9 
Tile 65
1 2 3 4 5 6 7 8 9 
1 2 3 4 5 6 7 8 9 
Tile 66
1 2 3 4 5 6 7 8 9 
1 2 3 4 5 6 7 8 9 
Tile 67
1 2 3 4 5 6 7 8 9 
1 2 3 4 5 6 7 8 9 
Tile 68
1 2 3 4 5 6 7 8 9 
1 2 3 4 5 6 7 8 9 
Tile 69
1 2 3 4 5 6 7 8 9 
1 2 3 4 5 6 7 8 9 
Tile 70
1 2 3 4 5 6 7 8 9 
1 2 3 4 5 6 7 8 9 
Tile 71
1 2 3 4 5 6 7 8 9 
1 2 3 4 5 6 7 8 9 
Tile 72
1 2 3 4 5 6 7 8 9 
1 2 3 4 5 6 7 8 9 
Tile 73
1 2 3 4 5 6 7 8 9 
1 2 3 4 5 6 7 8 9 
Tile 74
1 2 3 4 5 6 7 8 9 
1 2 3 4 5 6 7 8 9 
Tile 75
1 2 3 4 5 6 7 8 9 
1 2 3 4 5 6 7 8 9 
Tile 76
1 2 3 4 5 6 7 8 9 
1 2 3 4 5 6 7 8 9 
Tile 77
1 2 3 4 5 6 7 8 9 
1 2 3 4 5 6 7 8 9 
Tile 78
1 2 3 4 5 6 7 8 9 
1 2 3 4 5 6 7 8 9 
Tile 79
1 2 3 4 5 6 7 8 9 
1 2 3 4 5 6 7 8 9 
Tile 80
1 2 3 4 5 6 7 8 9 
1 2 3 4 5 6 7 8 9 
Tile 0
1 2 3 4 5 6 7 8 9 
1 2 3 4 5 6 7 8 9 
Tile 1
1 2 3 4 5 6 7 8 9 
1 2 3 4 5 6 7 8 9 
Tile 2
1 2 3 4 5 6 7 8 9 
1 2 3 4 5 6 7 8 9 
Tile 3
1 2 3 4 5 6 7 8 9 
1 2 3 4 6 7 8 9 
Tile 4
1 2 3 4 5 6 7 8 9 
1 2 3 4 6 7 8 9 
Tile 5
1 2 3 4 5 6 7 8 9 
1 2 3 4 6 7 8 9 
Tile 6
1 2 3 4 5 6 7 8 9 
1 2 3 5 6 7 8 9 
Tile 7
1 2 3 4 5 6 7 8 9 
1 2 3 4 5 6 7 8 9 
Tile 8
1 2 3 4 5 6 7 8 9 
1 2 4 5 6 7 8 9 
Tile 9
1 2 3 4 5 6 7 8 9 
1 2 3 4 5 6 7 8 9 
Tile 10
1 2 3 4 5 6 7 8 9 
1 2 3 4 5 6 7 8 9 
Tile 11
1 2 3 4 5 6 7 8 9 
1 2 3 4 5 6 7 8 9 
Tile 12
1 2 3 4 5 6 7 8 9 
1 2 3 4 6 7 8 9 
Tile 13
1 2 3 4 5 6 7 8 9 
1 2 3 4 6 7 8 9 
Tile 14
1 2 3 4 5 6 7 8 9 
1 2 3 4 6 7 8 9 
Tile 15
1 2 3 4 5 6 7 8 9 
1 2 3 5 6 7 8 9 
Tile 16
1 2 3 4 5 6 7 8 9 
1 2 3 4 5 6 7 8 9 
Tile 17
1 2 3 4 5 6 7 8 9 
1 2 4 5 6 7 8 9 
Tile 18
1 2 3 4 5 6 7 8 9 
1 2 4 6 7 8 9 
Tile 19
1 2 3 4 5 6 7 8 9 
1 2 4 6 7 8 9 
Tile 20
1 2 3 4 5 6 7 8 9 
1 2 4 6 7 8 9 
Tile 21
1 2 3 4 5 6 7 8 9 
1 2 4 6 7 8 9 
Tile 22
1 2 3 4 5 6 7 8 9 
1 2 4 6 7 8 9 
Tile 24
1 2 3 4 5 6 7 8 9 
1 2 6 7 8 9 
Tile 25
1 2 3 4 5 6 7 8 9 
1 2 4 6 7 8 9 
Tile 26
1 2 3 4 5 6 7 8 9 
1 2 4 6 7 8 9 
Tile 27
1 2 3 4 5 6 7 8 9 
1 2 3 4 5 6 7 8 9 
Tile 28
1 2 3 4 5 6 7 8 9 
1 2 3 4 5 6 7 8 9 
Tile 29
1 2 3 4 5 6 7 8 9 
1 2 3 4 5 6 7 8 9 
Tile 30
1 2 3 4 5 6 7 8 9 
1 2 4 5 6 7 8 9 
Tile 31
1 2 3 4 5 6 7 8 9 
1 2 4 6 7 8 9 
Tile 32
1 2 3 4 5 6 7 8 9 
1 2 4 5 6 7 8 9 
Tile 34
1 2 3 4 5 6 7 8 9 
1 2 3 5 6 7 8 9 
Tile 35
1 2 3 4 5 6 7 8 9 
1 2 5 6 7 8 9 
Tile 36
1 2 3 4 5 6 7 8 9 
1 2 3 5 6 7 8 9 
Tile 37
1 2 3 4 5 6 7 8 9 
1 2 3 5 6 7 8 9 
Tile 38
1 2 3 4 5 6 7 8 9 
1 2 3 5 6 7 8 9 
Tile 39
1 2 3 4 5 6 7 8 9 
1 2 5 6 7 8 9 
Tile 40
1 2 3 4 5 6 7 8 9 
1 2 6 7 8 9 
Tile 42
1 2 3 4 5 6 7 8 9 
1 2 3 5 6 7 8 9 
Tile 43
1 2 3 4 5 6 7 8 9 
1 2 3 5 6 7 8 9 
Tile 44
1 2 3 4 5 6 7 8 9 
1 2 5 6 7 8 9 
Tile 45
1 2 3 4 5 6 7 8 9 
1 2 3 4 5 6 7 8 9 
Tile 46
1 2 3 4 5 6 7 8 9 
1 2 3 4 5 6 7 8 9 
Tile 47
1 2 3 4 5 6 7 8 9 
1 2 3 4 5 6 7 8 9 
Tile 48
1 2 3 4 5 6 7 8 9 
1 2 4 5 6 7 8 9 
